1.000100  0.001256
0.999125  0.001473
0.996201  0.002120
0.991339  0.003190
0.984558  0.004669
0.975880  0.006539
0.965339  0.008776
0.952973  0.011352
0.938826  0.014237
0.922951  0.017397
0.905407  0.020795
0.886259  0.024393
0.865579  0.028150
0.843445  0.032025
0.819941  0.035978
0.795156  0.039966
0.769186  0.043947
0.742130  0.047881
0.714094  0.051727
0.685186  0.055445
0.655520  0.058995
0.625212  0.062340
0.594382  0.065441
0.563154  0.068264
0.531651  0.070775
0.500000  0.072940
0.468329  0.074731
0.436768  0.076119
0.405443  0.077080
0.374485  0.077595
0.344019  0.077647
0.314173  0.077224
0.285068  0.076320
0.256827  0.074933
0.229566  0.073070
0.203396  0.070741
0.178428  0.067961
0.154762  0.064754
0.132496  0.061147
0.111720  0.057171
0.092517  0.052863
0.074964  0.048261
0.059129  0.043405
0.045074  0.038338
0.032851  0.033099
0.022507  0.027729
0.014079  0.022262
0.007597  0.016731
0.003081  0.011164
0.000547  0.005582
0.000000  0.000000
0.001426 -0.005424
0.004804 -0.010536
0.010116 -0.015327
0.017338 -0.019788
0.026436 -0.023909
0.037372 -0.027679
0.050099 -0.031086
0.064564 -0.034122
0.080708 -0.036776
0.098466 -0.039043
0.117767 -0.040919
0.138535 -0.042402
0.160691 -0.043498
0.184148 -0.044214
0.208818 -0.044560
0.234608 -0.044555
0.261419 -0.044217
0.289152 -0.043571
0.317703 -0.042644
0.346964 -0.041466
0.376826 -0.040069
0.407176 -0.038485
0.437899 -0.036747
0.468880 -0.034888
0.500000 -0.032940
0.531140 -0.030933
0.562180 -0.028893
0.592999 -0.026846
0.623478 -0.024813
0.653497 -0.022815
0.682939 -0.020866
0.711685 -0.018979
0.739623 -0.017165
0.766641 -0.015432
0.792629 -0.013785
0.817483 -0.012230
0.841102 -0.010769
0.863389 -0.009405
0.884254 -0.008140
0.903610 -0.006975
0.921377 -0.005913
0.937481 -0.004954
0.951854 -0.004100
0.964437 -0.003355
0.975176 -0.002719
0.984026 -0.002196
0.990948 -0.001786
0.995914 -0.001492
0.998902 -0.001315
0.999900 -0.001256
