1.000199  0.001244
0.999234  0.001539
0.996341  0.002418
0.991531  0.003870
0.984819  0.005876
0.976227  0.008409
0.965783  0.011436
0.953523  0.014918
0.939489  0.018809
0.923728  0.023061
0.906295  0.027619
0.887251  0.032427
0.866663  0.037427
0.844607  0.042558
0.821161  0.047758
0.796412  0.052967
0.770452  0.058124
0.743378  0.063168
0.715294  0.068040
0.686307  0.072685
0.656529  0.077048
0.626078  0.081077
0.595074  0.084723
0.563641  0.087943
0.531906  0.090694
0.500000  0.092940
0.468054  0.094650
0.436202  0.095796
0.404578  0.096359
0.373315  0.096323
0.342550  0.095682
0.312412  0.094436
0.283034  0.092590
0.254541  0.090160
0.227058  0.087167
0.200703  0.083641
0.175590  0.079618
0.151825  0.075141
0.129507  0.070258
0.108731  0.065021
0.089580  0.059488
0.072131  0.053716
0.056451  0.047766
0.042600  0.041695
0.030628  0.035562
0.020576  0.029418
0.012479  0.023313
0.006360  0.017288
0.002236  0.011378
0.000116  0.005609
0.000000  0.000000
0.001857 -0.005294
0.005649 -0.010121
0.011353 -0.014479
0.018938 -0.018365
0.028367 -0.021779
0.039596 -0.024721
0.052573 -0.027192
0.067242 -0.029199
0.083541 -0.030747
0.101403 -0.031848
0.120756 -0.032516
0.141524 -0.032769
0.163628 -0.032629
0.186986 -0.032123
0.211511 -0.031280
0.237115 -0.030136
0.263705 -0.028727
0.291187 -0.027093
0.319463 -0.025277
0.348433 -0.023322
0.377995 -0.021271
0.408041 -0.019168
0.438465 -0.017053
0.469155 -0.014965
0.500000 -0.012940
0.530884 -0.011009
0.561693 -0.009200
0.592308 -0.007532
0.622612 -0.006025
0.652488 -0.004687
0.681818 -0.003526
0.710485 -0.002543
0.738375 -0.001734
0.765375 -0.001093
0.791373 -0.000607
0.816263 -0.000263
0.839940 -0.000046
0.862305  0.000061
0.883263  0.000078
0.902722  0.000020
0.920600 -0.000092
0.936818 -0.000242
0.951304 -0.000415
0.963993 -0.000595
0.974830 -0.000770
0.983764 -0.000928
0.990756 -0.001061
0.995773 -0.001161
0.998793 -0.001223
0.999801 -0.001244
