1.000126  0.001886
0.999153  0.002159
0.996237  0.002974
0.991389  0.004322
0.984626  0.006187
0.975973  0.008548
0.965460  0.011377
0.953125  0.014644
0.939015  0.018313
0.923179  0.022345
0.905677  0.026698
0.886573  0.031329
0.865938  0.036191
0.843851  0.041238
0.820394  0.046424
0.795657  0.051700
0.769734  0.057018
0.742725  0.062331
0.714733  0.067589
0.685869  0.072746
0.656243  0.077753
0.625974  0.082561
0.595180  0.087123
0.563983  0.091390
0.532509  0.095314
0.500882  0.098850
0.469231  0.101951
0.437685  0.104575
0.406370  0.106681
0.375118  0.108190
0.344274  0.108982
0.314048  0.109037
0.284572  0.108341
0.255975  0.106893
0.228383  0.104698
0.201916  0.101770
0.176689  0.098135
0.152811  0.093825
0.130383  0.088880
0.109500  0.083349
0.090248  0.077283
0.072704  0.070743
0.056937  0.063787
0.043005  0.056478
0.030959  0.048877
0.020841  0.041042
0.012683  0.033027
0.006509  0.024879
0.002334  0.016639
0.000165  0.008339
0.000000  0.000000
0.001809 -0.008142
0.005551 -0.015854
0.011204 -0.023127
0.018733 -0.029947
0.028102 -0.036298
0.039264 -0.042163
0.052168 -0.047527
0.066757 -0.052374
0.082968 -0.056690
0.100735 -0.060465
0.119986 -0.063691
0.140648 -0.066368
0.162642 -0.068499
0.185887 -0.070094
0.210299 -0.071169
0.235790 -0.071746
0.262271 -0.071854
0.289649 -0.071527
0.317827 -0.070803
0.346709 -0.069725
0.376192 -0.068338
0.406249 -0.066686
0.436982 -0.064730
0.467978 -0.062474
0.499118 -0.059961
0.530282 -0.057233
0.561350 -0.054330
0.592201 -0.051291
0.622716 -0.048154
0.652774 -0.044950
0.682256 -0.041712
0.711046 -0.038467
0.739029 -0.035241
0.766093 -0.032058
0.792128 -0.028939
0.817030 -0.025904
0.840696 -0.022972
0.863030 -0.020163
0.883940 -0.017492
0.903340 -0.014979
0.921149 -0.012640
0.937292 -0.010492
0.951702 -0.008551
0.964317 -0.006833
0.975084 -0.005351
0.983957 -0.004120
0.990898 -0.003150
0.995878 -0.002450
0.998874 -0.002027
0.999874 -0.001886
