1.000125  0.001254
0.999152  0.001490
0.996236  0.002195
0.991387  0.003360
0.984621  0.004967
0.975962  0.006994
0.965441  0.009414
0.953093  0.012192
0.938964  0.015291
0.923102  0.018670
0.905565  0.022283
0.886416  0.026085
0.865725  0.030024
0.843569  0.034053
0.820030  0.038120
0.795195  0.042174
0.769160  0.046166
0.742022  0.050046
0.713888  0.053766
0.684864  0.057280
0.655066  0.060542
0.624610  0.063510
0.593658  0.066146
0.562465  0.068503
0.531008  0.070591
0.499412  0.072381
0.467805  0.073845
0.436314  0.074956
0.405066  0.075691
0.374189  0.076029
0.343807  0.075952
0.314046  0.075447
0.285026  0.074505
0.256867  0.073121
0.229682  0.071297
0.203584  0.069039
0.178678  0.066360
0.155066  0.063275
0.132843  0.059808
0.112098  0.055985
0.092914  0.051836
0.075368  0.047396
0.059527  0.042700
0.045454  0.037784
0.033203  0.032685
0.022819  0.027439
0.014342  0.022077
0.007803  0.016630
0.003223  0.011122
0.000620  0.005574
0.000000  0.000000
0.001353 -0.005443
0.004662 -0.010598
0.009910 -0.015458
0.017075 -0.020010
0.026124 -0.024242
0.037021 -0.028141
0.049719 -0.031691
0.064166 -0.034879
0.080304 -0.037691
0.098069 -0.040117
0.117389 -0.042148
0.138189 -0.043779
0.160387 -0.045009
0.183898 -0.045840
0.208631 -0.046278
0.234491 -0.046337
0.261380 -0.046032
0.289194 -0.045383
0.317829 -0.044413
0.347176 -0.043149
0.377121 -0.041622
0.407553 -0.039860
0.438353 -0.037897
0.469405 -0.035763
0.500588 -0.033493
0.531783 -0.031114
0.562868 -0.028658
0.593723 -0.026151
0.624080 -0.023658
0.653951 -0.021285
0.683260 -0.019047
0.711892 -0.016952
0.739731 -0.015008
0.766667 -0.013215
0.792590 -0.011573
0.817394 -0.010079
0.840978 -0.008727
0.863243 -0.007512
0.884097 -0.006427
0.903452 -0.005465
0.921226 -0.004617
0.937343 -0.003878
0.951734 -0.003241
0.964336 -0.002700
0.975094 -0.002250
0.983962 -0.001887
0.990901 -0.001608
0.995879 -0.001411
0.998875 -0.001293
0.999875 -0.001254
