1.000294  0.001225
0.999339  0.001596
0.996477  0.002705
0.991716  0.004536
0.985071  0.007064
0.976561  0.010256
0.966213  0.014067
0.954057  0.018447
0.940133  0.023338
0.924484  0.028675
0.907161  0.034389
0.888220  0.040404
0.867726  0.046644
0.845748  0.053030
0.822362  0.059479
0.797651  0.065912
0.771704  0.072247
0.744615  0.078407
0.716486  0.084313
0.687422  0.089893
0.657535  0.095076
0.626942  0.099797
0.595764  0.103995
0.564127  0.107617
0.532162  0.110612
0.500000  0.112940
0.467779  0.114567
0.435637  0.115468
0.403713  0.115624
0.372149  0.115028
0.341085  0.113682
0.310661  0.111596
0.281013  0.108792
0.252276  0.105300
0.224578  0.101159
0.198046  0.096419
0.172795  0.091136
0.148938  0.085374
0.126578  0.079203
0.105808  0.072697
0.086714  0.065934
0.069373  0.058993
0.053849  0.051952
0.040201  0.044887
0.028475  0.037872
0.018710  0.030974
0.010934  0.024251
0.005167  0.017756
0.001422  0.011531
-0.000299  0.005605
0.000000  0.000000
0.002273 -0.005132
0.006464 -0.009646
0.012546 -0.013543
0.020483 -0.016829
0.030234 -0.019515
0.041748 -0.021610
0.054972 -0.023133
0.069844 -0.024101
0.086300 -0.024540
0.104269 -0.024475
0.123679 -0.023940
0.144453 -0.022970
0.166514 -0.021606
0.189781 -0.019893
0.214169 -0.017878
0.239595 -0.015612
0.265971 -0.013150
0.293208 -0.010547
0.321215 -0.007858
0.349898 -0.005141
0.379161 -0.002450
0.408906  0.000163
0.439030  0.002647
0.469431  0.004959
0.500000  0.007060
0.530629  0.008915
0.561206  0.010498
0.591617  0.011791
0.621748  0.012781
0.651482  0.013465
0.680703  0.013845
0.709294  0.013932
0.737139  0.013743
0.764123  0.013299
0.790134  0.012629
0.815062  0.011764
0.838799  0.010738
0.861243  0.009588
0.882293  0.008353
0.901856  0.007070
0.919844  0.005778
0.936174  0.004512
0.950770  0.003307
0.963564  0.002195
0.974495  0.001203
0.983512  0.000357
0.990571 -0.000323
0.995638 -0.000820
0.998688 -0.001123
0.999706 -0.001225
