1.000063  0.001258
0.999083  0.001446
0.996147  0.002006
0.991267  0.002933
0.984460  0.004216
0.975753  0.005842
0.965179  0.007792
0.952777  0.010046
0.938597  0.012582
0.922691  0.015372
0.905121  0.018390
0.885954  0.021608
0.865265  0.024995
0.843133  0.028521
0.819645  0.032155
0.794891  0.035865
0.768968  0.039619
0.741976  0.043387
0.714023  0.047135
0.685217  0.050832
0.655670  0.054445
0.625500  0.057943
0.594826  0.061291
0.563768  0.064458
0.532448  0.067411
0.500992  0.070118
0.469525  0.072548
0.438170  0.074669
0.407054  0.076454
0.376301  0.077876
0.346033  0.078911
0.316372  0.079538
0.287437  0.079742
0.259343  0.079510
0.232205  0.078834
0.206129  0.077713
0.180237  0.075975
0.155437  0.073265
0.132178  0.069676
0.110569  0.065326
0.090705  0.060338
0.072668  0.054839
0.056529  0.048950
0.042343  0.042791
0.030154  0.036473
0.019995  0.030098
0.011886  0.023757
0.005838  0.017525
0.001849  0.011462
-0.000091  0.005611
0.000000  0.000000
0.002064 -0.005218
0.006037 -0.009900
0.011875 -0.014061
0.019530 -0.017720
0.028948 -0.020908
0.040069 -0.023661
0.052830 -0.026020
0.067165 -0.028036
0.083004 -0.029763
0.100278 -0.031261
0.118918 -0.032595
0.138853 -0.033834
0.160016 -0.035052
0.182339 -0.036325
0.206085 -0.037715
0.231969 -0.038898
0.258903 -0.039728
0.286784 -0.040216
0.315503 -0.040378
0.344950 -0.040234
0.375009 -0.039804
0.405564 -0.039114
0.436496 -0.038190
0.467685 -0.037057
0.499008 -0.035743
0.530342 -0.034275
0.561566 -0.032679
0.592555 -0.030978
0.623189 -0.029197
0.653347 -0.027356
0.682908 -0.025477
0.711756 -0.023576
0.739777 -0.021671
0.766859 -0.019777
0.792895 -0.017909
0.817779 -0.016080
0.841414 -0.014303
0.863704 -0.012591
0.884559 -0.010957
0.903896 -0.009411
0.921637 -0.007967
0.937710 -0.006636
0.952050 -0.005429
0.964598 -0.004358
0.975303 -0.003432
0.984123 -0.002661
0.991020 -0.002052
0.995967 -0.001613
0.998944 -0.001347
0.999937 -0.001258
