1.000042  0.000629
0.999060  0.000763
0.996117  0.001166
0.991225  0.001831
0.984403  0.002751
0.975676  0.003915
0.965079  0.005307
0.952651  0.006913
0.938440  0.008712
0.922502  0.010683
0.904898  0.012806
0.885695  0.015055
0.864969  0.017406
0.842799  0.019835
0.819273  0.022315
0.794481  0.024820
0.768520  0.027326
0.741493  0.029807
0.713504  0.032237
0.684664  0.034594
0.655087  0.036852
0.624888  0.038990
0.594187  0.040985
0.563106  0.042817
0.531766  0.044465
0.500294  0.045913
0.468814  0.047143
0.437450  0.048140
0.406330  0.048892
0.375476  0.049347
0.345086  0.049413
0.315308  0.049090
0.286264  0.048385
0.258074  0.047310
0.230852  0.045883
0.204710  0.044124
0.179755  0.042059
0.156088  0.039717
0.133805  0.037131
0.112996  0.034335
0.093744  0.031367
0.076125  0.028265
0.060210  0.025067
0.046059  0.021810
0.033728  0.018531
0.023262  0.015262
0.014700  0.012036
0.008074  0.008877
0.003406  0.005808
0.000713  0.002845
0.000000  0.000000
0.001261 -0.002648
0.004479 -0.005023
0.009639 -0.007125
0.016717 -0.008956
0.025682 -0.010518
0.036496 -0.011816
0.049114 -0.012859
0.063483 -0.013654
0.079547 -0.014213
0.097239 -0.014549
0.116491 -0.014678
0.137227 -0.014619
0.159365 -0.014391
0.182821 -0.014018
0.207505 -0.013523
0.233321 -0.012932
0.260172 -0.012272
0.287956 -0.011571
0.316568 -0.010857
0.345897 -0.010156
0.375834 -0.009495
0.406289 -0.008897
0.437216 -0.008295
0.468396 -0.007666
0.499706 -0.007024
0.531024 -0.006384
0.562228 -0.005757
0.593194 -0.005153
0.623802 -0.004582
0.653930 -0.004049
0.683460 -0.003559
0.712275 -0.003115
0.740261 -0.002717
0.767307 -0.002366
0.793304 -0.002059
0.818151 -0.001795
0.841748 -0.001569
0.864000 -0.001378
0.884818 -0.001219
0.904119 -0.001087
0.921826 -0.000978
0.937866 -0.000890
0.952176 -0.000819
0.964698 -0.000763
0.975380 -0.000718
0.984180 -0.000684
0.991062 -0.000659
0.995997 -0.000642
0.998967 -0.000632
0.999958 -0.000629
